model RSP_Z RSP_X RSP_mass RSP_L RSP_Teff
0 0.004 0.74 13.8 65000.0 4400.0
1 0.004 0.74 13.8 65000.0 4450.0
2 0.004 0.74 13.8 65000.0 4500.0
3 0.004 0.74 13.8 65000.0 4550.0
4 0.004 0.74 13.8 65000.0 4600.0
5 0.004 0.74 13.8 65000.0 4650.0
6 0.004 0.74 13.8 65000.0 4700.0
7 0.004 0.74 13.8 65000.0 4750.0
8 0.004 0.74 13.8 65000.0 4800.0
9 0.004 0.74 13.8 65000.0 4850.0
10 0.004 0.74 13.8 65000.0 4900.0
11 0.004 0.74 13.8 65000.0 4950.0
12 0.004 0.74 13.8 65000.0 5000.0
13 0.004 0.74 13.8 65000.0 5050.0
14 0.004 0.74 13.8 65000.0 5100.0
15 0.004 0.74 13.8 65000.0 5150.0
16 0.004 0.74 13.8 65000.0 5200.0
17 0.004 0.74 13.8 65325.0 4400.0
18 0.004 0.74 13.8 65325.0 4450.0
19 0.004 0.74 13.8 65325.0 4500.0
20 0.004 0.74 13.8 65325.0 4550.0
21 0.004 0.74 13.8 65325.0 4600.0
22 0.004 0.74 13.8 65325.0 4650.0
23 0.004 0.74 13.8 65325.0 4700.0
24 0.004 0.74 13.8 65325.0 4750.0
25 0.004 0.74 13.8 65325.0 4800.0
26 0.004 0.74 13.8 65325.0 4850.0
27 0.004 0.74 13.8 65325.0 4900.0
28 0.004 0.74 13.8 65325.0 4950.0
29 0.004 0.74 13.8 65325.0 5000.0
30 0.004 0.74 13.8 65325.0 5050.0
31 0.004 0.74 13.8 65325.0 5100.0
32 0.004 0.74 13.8 65325.0 5150.0
33 0.004 0.74 13.8 65325.0 5200.0
34 0.004 0.74 13.8 65650.0 4400.0
35 0.004 0.74 13.8 65650.0 4450.0
36 0.004 0.74 13.8 65650.0 4500.0
37 0.004 0.74 13.8 65650.0 4550.0
38 0.004 0.74 13.8 65650.0 4600.0
39 0.004 0.74 13.8 65650.0 4650.0
40 0.004 0.74 13.8 65650.0 4700.0
41 0.004 0.74 13.8 65650.0 4750.0
42 0.004 0.74 13.8 65650.0 4800.0
43 0.004 0.74 13.8 65650.0 4850.0
44 0.004 0.74 13.8 65650.0 4900.0
45 0.004 0.74 13.8 65650.0 4950.0
46 0.004 0.74 13.8 65650.0 5000.0
47 0.004 0.74 13.8 65650.0 5050.0
48 0.004 0.74 13.8 65650.0 5100.0
49 0.004 0.74 13.8 65650.0 5150.0
50 0.004 0.74 13.8 65650.0 5200.0
51 0.004 0.74 13.8 65975.0 4400.0
52 0.004 0.74 13.8 65975.0 4450.0
53 0.004 0.74 13.8 65975.0 4500.0
54 0.004 0.74 13.8 65975.0 4550.0
55 0.004 0.74 13.8 65975.0 4600.0
56 0.004 0.74 13.8 65975.0 4650.0
57 0.004 0.74 13.8 65975.0 4700.0
58 0.004 0.74 13.8 65975.0 4750.0
59 0.004 0.74 13.8 65975.0 4800.0
60 0.004 0.74 13.8 65975.0 4850.0
61 0.004 0.74 13.8 65975.0 4900.0
62 0.004 0.74 13.8 65975.0 4950.0
63 0.004 0.74 13.8 65975.0 5000.0
64 0.004 0.74 13.8 65975.0 5050.0
65 0.004 0.74 13.8 65975.0 5100.0
66 0.004 0.74 13.8 65975.0 5150.0
67 0.004 0.74 13.8 65975.0 5200.0
68 0.004 0.74 13.9 66300.0 4400.0
69 0.004 0.74 13.9 66300.0 4450.0
70 0.004 0.74 13.9 66300.0 4500.0
71 0.004 0.74 13.9 66300.0 4550.0
72 0.004 0.74 13.9 66300.0 4600.0
73 0.004 0.74 13.9 66300.0 4650.0
74 0.004 0.74 13.9 66300.0 4700.0
75 0.004 0.74 13.9 66300.0 4750.0
76 0.004 0.74 13.9 66300.0 4800.0
77 0.004 0.74 13.9 66300.0 4850.0
78 0.004 0.74 13.9 66300.0 4900.0
79 0.004 0.74 13.9 66300.0 4950.0
80 0.004 0.74 13.9 66300.0 5000.0
81 0.004 0.74 13.9 66300.0 5050.0
82 0.004 0.74 13.9 66300.0 5100.0
83 0.004 0.74 13.9 66300.0 5150.0
84 0.004 0.74 13.9 66300.0 5200.0
85 0.004 0.74 13.9 66625.0 4400.0
86 0.004 0.74 13.9 66625.0 4450.0
87 0.004 0.74 13.9 66625.0 4500.0
88 0.004 0.74 13.9 66625.0 4550.0
89 0.004 0.74 13.9 66625.0 4600.0
90 0.004 0.74 13.9 66625.0 4650.0
91 0.004 0.74 13.9 66625.0 4700.0
92 0.004 0.74 13.9 66625.0 4750.0
93 0.004 0.74 13.9 66625.0 4800.0
94 0.004 0.74 13.9 66625.0 4850.0
95 0.004 0.74 13.9 66625.0 4900.0
96 0.004 0.74 13.9 66625.0 4950.0
97 0.004 0.74 13.9 66625.0 5000.0
98 0.004 0.74 13.9 66625.0 5050.0
99 0.004 0.74 13.9 66625.0 5100.0
100 0.004 0.74 13.9 66625.0 5150.0
101 0.004 0.74 13.9 66625.0 5200.0
102 0.004 0.74 13.9 66950.0 4400.0
103 0.004 0.74 13.9 66950.0 4450.0
104 0.004 0.74 13.9 66950.0 4500.0
105 0.004 0.74 13.9 66950.0 4550.0
106 0.004 0.74 13.9 66950.0 4600.0
107 0.004 0.74 13.9 66950.0 4650.0
108 0.004 0.74 13.9 66950.0 4700.0
109 0.004 0.74 13.9 66950.0 4750.0
110 0.004 0.74 13.9 66950.0 4800.0
111 0.004 0.74 13.9 66950.0 4850.0
112 0.004 0.74 13.9 66950.0 4900.0
113 0.004 0.74 13.9 66950.0 4950.0
114 0.004 0.74 13.9 66950.0 5000.0
115 0.004 0.74 13.9 66950.0 5050.0
116 0.004 0.74 13.9 66950.0 5100.0
117 0.004 0.74 13.9 66950.0 5150.0
118 0.004 0.74 13.9 66950.0 5200.0
119 0.004 0.74 13.9 67275.0 4400.0
120 0.004 0.74 13.9 67275.0 4450.0
121 0.004 0.74 13.9 67275.0 4500.0
122 0.004 0.74 13.9 67275.0 4550.0
123 0.004 0.74 13.9 67275.0 4600.0
124 0.004 0.74 13.9 67275.0 4650.0
125 0.004 0.74 13.9 67275.0 4700.0
126 0.004 0.74 13.9 67275.0 4750.0
127 0.004 0.74 13.9 67275.0 4800.0
128 0.004 0.74 13.9 67275.0 4850.0
129 0.004 0.74 13.9 67275.0 4900.0
130 0.004 0.74 13.9 67275.0 4950.0
131 0.004 0.74 13.9 67275.0 5000.0
132 0.004 0.74 13.9 67275.0 5050.0
133 0.004 0.74 13.9 67275.0 5100.0
134 0.004 0.74 13.9 67275.0 5150.0
135 0.004 0.74 13.9 67275.0 5200.0
136 0.004 0.74 14.0 67600.0 4400.0
137 0.004 0.74 14.0 67600.0 4450.0
138 0.004 0.74 14.0 67600.0 4500.0
139 0.004 0.74 14.0 67600.0 4550.0
140 0.004 0.74 14.0 67600.0 4600.0
141 0.004 0.74 14.0 67600.0 4650.0
142 0.004 0.74 14.0 67600.0 4700.0
143 0.004 0.74 14.0 67600.0 4750.0
144 0.004 0.74 14.0 67600.0 4800.0
145 0.004 0.74 14.0 67600.0 4850.0
146 0.004 0.74 14.0 67600.0 4900.0
147 0.004 0.74 14.0 67600.0 4950.0
148 0.004 0.74 14.0 67600.0 5000.0
149 0.004 0.74 14.0 67600.0 5050.0
150 0.004 0.74 14.0 67600.0 5100.0
151 0.004 0.74 14.0 67600.0 5150.0
152 0.004 0.74 14.0 67600.0 5200.0
153 0.004 0.74 14.0 67925.0 4400.0
154 0.004 0.74 14.0 67925.0 4450.0
155 0.004 0.74 14.0 67925.0 4500.0
156 0.004 0.74 14.0 67925.0 4550.0
157 0.004 0.74 14.0 67925.0 4600.0
158 0.004 0.74 14.0 67925.0 4650.0
159 0.004 0.74 14.0 67925.0 4700.0
160 0.004 0.74 14.0 67925.0 4750.0
161 0.004 0.74 14.0 67925.0 4800.0
162 0.004 0.74 14.0 67925.0 4850.0
163 0.004 0.74 14.0 67925.0 4900.0
164 0.004 0.74 14.0 67925.0 4950.0
165 0.004 0.74 14.0 67925.0 5000.0
166 0.004 0.74 14.0 67925.0 5050.0
167 0.004 0.74 14.0 67925.0 5100.0
168 0.004 0.74 14.0 67925.0 5150.0
169 0.004 0.74 14.0 67925.0 5200.0
170 0.004 0.74 14.0 68250.0 4400.0
171 0.004 0.74 14.0 68250.0 4450.0
172 0.004 0.74 14.0 68250.0 4500.0
173 0.004 0.74 14.0 68250.0 4550.0
174 0.004 0.74 14.0 68250.0 4600.0
175 0.004 0.74 14.0 68250.0 4650.0
176 0.004 0.74 14.0 68250.0 4700.0
177 0.004 0.74 14.0 68250.0 4750.0
178 0.004 0.74 14.0 68250.0 4800.0
179 0.004 0.74 14.0 68250.0 4850.0
180 0.004 0.74 14.0 68250.0 4900.0
181 0.004 0.74 14.0 68250.0 4950.0
182 0.004 0.74 14.0 68250.0 5000.0
183 0.004 0.74 14.0 68250.0 5050.0
184 0.004 0.74 14.0 68250.0 5100.0
185 0.004 0.74 14.0 68250.0 5150.0
186 0.004 0.74 14.0 68250.0 5200.0
187 0.004 0.74 14.0 68575.0 4400.0
188 0.004 0.74 14.0 68575.0 4450.0
189 0.004 0.74 14.0 68575.0 4500.0
190 0.004 0.74 14.0 68575.0 4550.0
191 0.004 0.74 14.0 68575.0 4600.0
192 0.004 0.74 14.0 68575.0 4650.0
193 0.004 0.74 14.0 68575.0 4700.0
194 0.004 0.74 14.0 68575.0 4750.0
195 0.004 0.74 14.0 68575.0 4800.0
196 0.004 0.74 14.0 68575.0 4850.0
197 0.004 0.74 14.0 68575.0 4900.0
198 0.004 0.74 14.0 68575.0 4950.0
199 0.004 0.74 14.0 68575.0 5000.0
200 0.004 0.74 14.0 68575.0 5050.0
201 0.004 0.74 14.0 68575.0 5100.0
202 0.004 0.74 14.0 68575.0 5150.0
203 0.004 0.74 14.0 68575.0 5200.0
204 0.004 0.74 14.1 68900.0 4400.0
205 0.004 0.74 14.1 68900.0 4450.0
206 0.004 0.74 14.1 68900.0 4500.0
207 0.004 0.74 14.1 68900.0 4550.0
208 0.004 0.74 14.1 68900.0 4600.0
209 0.004 0.74 14.1 68900.0 4650.0
210 0.004 0.74 14.1 68900.0 4700.0
211 0.004 0.74 14.1 68900.0 4750.0
212 0.004 0.74 14.1 68900.0 4800.0
213 0.004 0.74 14.1 68900.0 4850.0
214 0.004 0.74 14.1 68900.0 4900.0
215 0.004 0.74 14.1 68900.0 4950.0
216 0.004 0.74 14.1 68900.0 5000.0
217 0.004 0.74 14.1 68900.0 5050.0
218 0.004 0.74 14.1 68900.0 5100.0
219 0.004 0.74 14.1 68900.0 5150.0
220 0.004 0.74 14.1 68900.0 5200.0
221 0.004 0.74 14.1 69225.0 4400.0
222 0.004 0.74 14.1 69225.0 4450.0
223 0.004 0.74 14.1 69225.0 4500.0
224 0.004 0.74 14.1 69225.0 4550.0
225 0.004 0.74 14.1 69225.0 4600.0
226 0.004 0.74 14.1 69225.0 4650.0
227 0.004 0.74 14.1 69225.0 4700.0
228 0.004 0.74 14.1 69225.0 4750.0
229 0.004 0.74 14.1 69225.0 4800.0
230 0.004 0.74 14.1 69225.0 4850.0
231 0.004 0.74 14.1 69225.0 4900.0
232 0.004 0.74 14.1 69225.0 4950.0
233 0.004 0.74 14.1 69225.0 5000.0
234 0.004 0.74 14.1 69225.0 5050.0
235 0.004 0.74 14.1 69225.0 5100.0
236 0.004 0.74 14.1 69225.0 5150.0
237 0.004 0.74 14.1 69225.0 5200.0
238 0.004 0.74 14.1 69550.0 4400.0
239 0.004 0.74 14.1 69550.0 4450.0
240 0.004 0.74 14.1 69550.0 4500.0
241 0.004 0.74 14.1 69550.0 4550.0
242 0.004 0.74 14.1 69550.0 4600.0
243 0.004 0.74 14.1 69550.0 4650.0
244 0.004 0.74 14.1 69550.0 4700.0
245 0.004 0.74 14.1 69550.0 4750.0
246 0.004 0.74 14.1 69550.0 4800.0
247 0.004 0.74 14.1 69550.0 4850.0
248 0.004 0.74 14.1 69550.0 4900.0
249 0.004 0.74 14.1 69550.0 4950.0
250 0.004 0.74 14.1 69550.0 5000.0
251 0.004 0.74 14.1 69550.0 5050.0
252 0.004 0.74 14.1 69550.0 5100.0
253 0.004 0.74 14.1 69550.0 5150.0
254 0.004 0.74 14.1 69550.0 5200.0
255 0.004 0.74 14.1 69875.0 4400.0
256 0.004 0.74 14.1 69875.0 4450.0
257 0.004 0.74 14.1 69875.0 4500.0
258 0.004 0.74 14.1 69875.0 4550.0
259 0.004 0.74 14.1 69875.0 4600.0
260 0.004 0.74 14.1 69875.0 4650.0
261 0.004 0.74 14.1 69875.0 4700.0
262 0.004 0.74 14.1 69875.0 4750.0
263 0.004 0.74 14.1 69875.0 4800.0
264 0.004 0.74 14.1 69875.0 4850.0
265 0.004 0.74 14.1 69875.0 4900.0
266 0.004 0.74 14.1 69875.0 4950.0
267 0.004 0.74 14.1 69875.0 5000.0
268 0.004 0.74 14.1 69875.0 5050.0
269 0.004 0.74 14.1 69875.0 5100.0
270 0.004 0.74 14.1 69875.0 5150.0
271 0.004 0.74 14.1 69875.0 5200.0
272 0.004 0.74 14.2 70200.0 4400.0
273 0.004 0.74 14.2 70200.0 4450.0
274 0.004 0.74 14.2 70200.0 4500.0
275 0.004 0.74 14.2 70200.0 4550.0
276 0.004 0.74 14.2 70200.0 4600.0
277 0.004 0.74 14.2 70200.0 4650.0
278 0.004 0.74 14.2 70200.0 4700.0
279 0.004 0.74 14.2 70200.0 4750.0
280 0.004 0.74 14.2 70200.0 4800.0
281 0.004 0.74 14.2 70200.0 4850.0
282 0.004 0.74 14.2 70200.0 4900.0
283 0.004 0.74 14.2 70200.0 4950.0
284 0.004 0.74 14.2 70200.0 5000.0
285 0.004 0.74 14.2 70200.0 5050.0
286 0.004 0.74 14.2 70200.0 5100.0
287 0.004 0.74 14.2 70200.0 5150.0
288 0.004 0.74 14.2 70200.0 5200.0
289 0.004 0.74 14.2 70525.0 4400.0
290 0.004 0.74 14.2 70525.0 4450.0
291 0.004 0.74 14.2 70525.0 4500.0
292 0.004 0.74 14.2 70525.0 4550.0
293 0.004 0.74 14.2 70525.0 4600.0
294 0.004 0.74 14.2 70525.0 4650.0
295 0.004 0.74 14.2 70525.0 4700.0
296 0.004 0.74 14.2 70525.0 4750.0
297 0.004 0.74 14.2 70525.0 4800.0
298 0.004 0.74 14.2 70525.0 4850.0
299 0.004 0.74 14.2 70525.0 4900.0
300 0.004 0.74 14.2 70525.0 4950.0
301 0.004 0.74 14.2 70525.0 5000.0
302 0.004 0.74 14.2 70525.0 5050.0
303 0.004 0.74 14.2 70525.0 5100.0
304 0.004 0.74 14.2 70525.0 5150.0
305 0.004 0.74 14.2 70525.0 5200.0
306 0.004 0.74 14.2 70850.0 4400.0
307 0.004 0.74 14.2 70850.0 4450.0
308 0.004 0.74 14.2 70850.0 4500.0
309 0.004 0.74 14.2 70850.0 4550.0
310 0.004 0.74 14.2 70850.0 4600.0
311 0.004 0.74 14.2 70850.0 4650.0
312 0.004 0.74 14.2 70850.0 4700.0
313 0.004 0.74 14.2 70850.0 4750.0
314 0.004 0.74 14.2 70850.0 4800.0
315 0.004 0.74 14.2 70850.0 4850.0
316 0.004 0.74 14.2 70850.0 4900.0
317 0.004 0.74 14.2 70850.0 4950.0
318 0.004 0.74 14.2 70850.0 5000.0
319 0.004 0.74 14.2 70850.0 5050.0
320 0.004 0.74 14.2 70850.0 5100.0
321 0.004 0.74 14.2 70850.0 5150.0
322 0.004 0.74 14.2 70850.0 5200.0
323 0.004 0.74 14.2 71175.0 4400.0
324 0.004 0.74 14.2 71175.0 4450.0
325 0.004 0.74 14.2 71175.0 4500.0
326 0.004 0.74 14.2 71175.0 4550.0
327 0.004 0.74 14.2 71175.0 4600.0
328 0.004 0.74 14.2 71175.0 4650.0
329 0.004 0.74 14.2 71175.0 4700.0
330 0.004 0.74 14.2 71175.0 4750.0
331 0.004 0.74 14.2 71175.0 4800.0
332 0.004 0.74 14.2 71175.0 4850.0
333 0.004 0.74 14.2 71175.0 4900.0
334 0.004 0.74 14.2 71175.0 4950.0
335 0.004 0.74 14.2 71175.0 5000.0
336 0.004 0.74 14.2 71175.0 5050.0
337 0.004 0.74 14.2 71175.0 5100.0
338 0.004 0.74 14.2 71175.0 5150.0
339 0.004 0.74 14.2 71175.0 5200.0
340 0.004 0.74 14.3 71500.0 4400.0
341 0.004 0.74 14.3 71500.0 4450.0
342 0.004 0.74 14.3 71500.0 4500.0
343 0.004 0.74 14.3 71500.0 4550.0
344 0.004 0.74 14.3 71500.0 4600.0
345 0.004 0.74 14.3 71500.0 4650.0
346 0.004 0.74 14.3 71500.0 4700.0
347 0.004 0.74 14.3 71500.0 4750.0
348 0.004 0.74 14.3 71500.0 4800.0
349 0.004 0.74 14.3 71500.0 4850.0
350 0.004 0.74 14.3 71500.0 4900.0
351 0.004 0.74 14.3 71500.0 4950.0
352 0.004 0.74 14.3 71500.0 5000.0
353 0.004 0.74 14.3 71500.0 5050.0
354 0.004 0.74 14.3 71500.0 5100.0
355 0.004 0.74 14.3 71500.0 5150.0
356 0.004 0.74 14.3 71500.0 5200.0
357 0.004 0.74 14.3 71825.0 4400.0
358 0.004 0.74 14.3 71825.0 4450.0
359 0.004 0.74 14.3 71825.0 4500.0
360 0.004 0.74 14.3 71825.0 4550.0
361 0.004 0.74 14.3 71825.0 4600.0
362 0.004 0.74 14.3 71825.0 4650.0
363 0.004 0.74 14.3 71825.0 4700.0
364 0.004 0.74 14.3 71825.0 4750.0
365 0.004 0.74 14.3 71825.0 4800.0
366 0.004 0.74 14.3 71825.0 4850.0
367 0.004 0.74 14.3 71825.0 4900.0
368 0.004 0.74 14.3 71825.0 4950.0
369 0.004 0.74 14.3 71825.0 5000.0
370 0.004 0.74 14.3 71825.0 5050.0
371 0.004 0.74 14.3 71825.0 5100.0
372 0.004 0.74 14.3 71825.0 5150.0
373 0.004 0.74 14.3 71825.0 5200.0
374 0.004 0.74 14.3 72150.0 4400.0
375 0.004 0.74 14.3 72150.0 4450.0
376 0.004 0.74 14.3 72150.0 4500.0
377 0.004 0.74 14.3 72150.0 4550.0
378 0.004 0.74 14.3 72150.0 4600.0
379 0.004 0.74 14.3 72150.0 4650.0
380 0.004 0.74 14.3 72150.0 4700.0
381 0.004 0.74 14.3 72150.0 4750.0
382 0.004 0.74 14.3 72150.0 4800.0
383 0.004 0.74 14.3 72150.0 4850.0
384 0.004 0.74 14.3 72150.0 4900.0
385 0.004 0.74 14.3 72150.0 4950.0
386 0.004 0.74 14.3 72150.0 5000.0
387 0.004 0.74 14.3 72150.0 5050.0
388 0.004 0.74 14.3 72150.0 5100.0
389 0.004 0.74 14.3 72150.0 5150.0
390 0.004 0.74 14.3 72150.0 5200.0
391 0.004 0.74 14.3 72475.0 4400.0
392 0.004 0.74 14.3 72475.0 4450.0
393 0.004 0.74 14.3 72475.0 4500.0
394 0.004 0.74 14.3 72475.0 4550.0
395 0.004 0.74 14.3 72475.0 4600.0
396 0.004 0.74 14.3 72475.0 4650.0
397 0.004 0.74 14.3 72475.0 4700.0
398 0.004 0.74 14.3 72475.0 4750.0
399 0.004 0.74 14.3 72475.0 4800.0
400 0.004 0.74 14.3 72475.0 4850.0
401 0.004 0.74 14.3 72475.0 4900.0
402 0.004 0.74 14.3 72475.0 4950.0
403 0.004 0.74 14.3 72475.0 5000.0
404 0.004 0.74 14.3 72475.0 5050.0
405 0.004 0.74 14.3 72475.0 5100.0
406 0.004 0.74 14.3 72475.0 5150.0
407 0.004 0.74 14.3 72475.0 5200.0
408 0.004 0.74 14.4 72800.0 4400.0
409 0.004 0.74 14.4 72800.0 4450.0
410 0.004 0.74 14.4 72800.0 4500.0
411 0.004 0.74 14.4 72800.0 4550.0
412 0.004 0.74 14.4 72800.0 4600.0
413 0.004 0.74 14.4 72800.0 4650.0
414 0.004 0.74 14.4 72800.0 4700.0
415 0.004 0.74 14.4 72800.0 4750.0
416 0.004 0.74 14.4 72800.0 4800.0
417 0.004 0.74 14.4 72800.0 4850.0
418 0.004 0.74 14.4 72800.0 4900.0
419 0.004 0.74 14.4 72800.0 4950.0
420 0.004 0.74 14.4 72800.0 5000.0
421 0.004 0.74 14.4 72800.0 5050.0
422 0.004 0.74 14.4 72800.0 5100.0
423 0.004 0.74 14.4 72800.0 5150.0
424 0.004 0.74 14.4 72800.0 5200.0
425 0.004 0.74 14.4 73125.0 4400.0
426 0.004 0.74 14.4 73125.0 4450.0
427 0.004 0.74 14.4 73125.0 4500.0
428 0.004 0.74 14.4 73125.0 4550.0
429 0.004 0.74 14.4 73125.0 4600.0
430 0.004 0.74 14.4 73125.0 4650.0
431 0.004 0.74 14.4 73125.0 4700.0
432 0.004 0.74 14.4 73125.0 4750.0
433 0.004 0.74 14.4 73125.0 4800.0
434 0.004 0.74 14.4 73125.0 4850.0
435 0.004 0.74 14.4 73125.0 4900.0
436 0.004 0.74 14.4 73125.0 4950.0
437 0.004 0.74 14.4 73125.0 5000.0
438 0.004 0.74 14.4 73125.0 5050.0
439 0.004 0.74 14.4 73125.0 5100.0
440 0.004 0.74 14.4 73125.0 5150.0
441 0.004 0.74 14.4 73125.0 5200.0
442 0.004 0.74 14.4 73450.0 4400.0
443 0.004 0.74 14.4 73450.0 4450.0
444 0.004 0.74 14.4 73450.0 4500.0
445 0.004 0.74 14.4 73450.0 4550.0
446 0.004 0.74 14.4 73450.0 4600.0
447 0.004 0.74 14.4 73450.0 4650.0
448 0.004 0.74 14.4 73450.0 4700.0
449 0.004 0.74 14.4 73450.0 4750.0
450 0.004 0.74 14.4 73450.0 4800.0
451 0.004 0.74 14.4 73450.0 4850.0
452 0.004 0.74 14.4 73450.0 4900.0
453 0.004 0.74 14.4 73450.0 4950.0
454 0.004 0.74 14.4 73450.0 5000.0
455 0.004 0.74 14.4 73450.0 5050.0
456 0.004 0.74 14.4 73450.0 5100.0
457 0.004 0.74 14.4 73450.0 5150.0
458 0.004 0.74 14.4 73450.0 5200.0
459 0.004 0.74 14.4 73775.0 4400.0
460 0.004 0.74 14.4 73775.0 4450.0
461 0.004 0.74 14.4 73775.0 4500.0
462 0.004 0.74 14.4 73775.0 4550.0
463 0.004 0.74 14.4 73775.0 4600.0
464 0.004 0.74 14.4 73775.0 4650.0
465 0.004 0.74 14.4 73775.0 4700.0
466 0.004 0.74 14.4 73775.0 4750.0
467 0.004 0.74 14.4 73775.0 4800.0
468 0.004 0.74 14.4 73775.0 4850.0
469 0.004 0.74 14.4 73775.0 4900.0
470 0.004 0.74 14.4 73775.0 4950.0
471 0.004 0.74 14.4 73775.0 5000.0
472 0.004 0.74 14.4 73775.0 5050.0
473 0.004 0.74 14.4 73775.0 5100.0
474 0.004 0.74 14.4 73775.0 5150.0
475 0.004 0.74 14.4 73775.0 5200.0
476 0.004 0.74 14.5 74100.0 4400.0
477 0.004 0.74 14.5 74100.0 4450.0
478 0.004 0.74 14.5 74100.0 4500.0
479 0.004 0.74 14.5 74100.0 4550.0
480 0.004 0.74 14.5 74100.0 4600.0
481 0.004 0.74 14.5 74100.0 4650.0
482 0.004 0.74 14.5 74100.0 4700.0
483 0.004 0.74 14.5 74100.0 4750.0
484 0.004 0.74 14.5 74100.0 4800.0
485 0.004 0.74 14.5 74100.0 4850.0
486 0.004 0.74 14.5 74100.0 4900.0
487 0.004 0.74 14.5 74100.0 4950.0
488 0.004 0.74 14.5 74100.0 5000.0
489 0.004 0.74 14.5 74100.0 5050.0
490 0.004 0.74 14.5 74100.0 5100.0
491 0.004 0.74 14.5 74100.0 5150.0
492 0.004 0.74 14.5 74100.0 5200.0
493 0.004 0.74 14.5 74425.0 4400.0
494 0.004 0.74 14.5 74425.0 4450.0
495 0.004 0.74 14.5 74425.0 4500.0
496 0.004 0.74 14.5 74425.0 4550.0
497 0.004 0.74 14.5 74425.0 4600.0
498 0.004 0.74 14.5 74425.0 4650.0
499 0.004 0.74 14.5 74425.0 4700.0
500 0.004 0.74 14.5 74425.0 4750.0
501 0.004 0.74 14.5 74425.0 4800.0
502 0.004 0.74 14.5 74425.0 4850.0
503 0.004 0.74 14.5 74425.0 4900.0
504 0.004 0.74 14.5 74425.0 4950.0
505 0.004 0.74 14.5 74425.0 5000.0
506 0.004 0.74 14.5 74425.0 5050.0
507 0.004 0.74 14.5 74425.0 5100.0
508 0.004 0.74 14.5 74425.0 5150.0
509 0.004 0.74 14.5 74425.0 5200.0
510 0.004 0.74 14.5 74750.0 4400.0
511 0.004 0.74 14.5 74750.0 4450.0
512 0.004 0.74 14.5 74750.0 4500.0
513 0.004 0.74 14.5 74750.0 4550.0
514 0.004 0.74 14.5 74750.0 4600.0
515 0.004 0.74 14.5 74750.0 4650.0
516 0.004 0.74 14.5 74750.0 4700.0
517 0.004 0.74 14.5 74750.0 4750.0
518 0.004 0.74 14.5 74750.0 4800.0
519 0.004 0.74 14.5 74750.0 4850.0
520 0.004 0.74 14.5 74750.0 4900.0
521 0.004 0.74 14.5 74750.0 4950.0
522 0.004 0.74 14.5 74750.0 5000.0
523 0.004 0.74 14.5 74750.0 5050.0
524 0.004 0.74 14.5 74750.0 5100.0
525 0.004 0.74 14.5 74750.0 5150.0
526 0.004 0.74 14.5 74750.0 5200.0
527 0.004 0.74 14.5 75075.0 4400.0
528 0.004 0.74 14.5 75075.0 4450.0
529 0.004 0.74 14.5 75075.0 4500.0
530 0.004 0.74 14.5 75075.0 4550.0
531 0.004 0.74 14.5 75075.0 4600.0
532 0.004 0.74 14.5 75075.0 4650.0
533 0.004 0.74 14.5 75075.0 4700.0
534 0.004 0.74 14.5 75075.0 4750.0
535 0.004 0.74 14.5 75075.0 4800.0
536 0.004 0.74 14.5 75075.0 4850.0
537 0.004 0.74 14.5 75075.0 4900.0
538 0.004 0.74 14.5 75075.0 4950.0
539 0.004 0.74 14.5 75075.0 5000.0
540 0.004 0.74 14.5 75075.0 5050.0
541 0.004 0.74 14.5 75075.0 5100.0
542 0.004 0.74 14.5 75075.0 5150.0
543 0.004 0.74 14.5 75075.0 5200.0
544 0.004 0.74 14.6 75400.0 4400.0
545 0.004 0.74 14.6 75400.0 4450.0
546 0.004 0.74 14.6 75400.0 4500.0
547 0.004 0.74 14.6 75400.0 4550.0
548 0.004 0.74 14.6 75400.0 4600.0
549 0.004 0.74 14.6 75400.0 4650.0
550 0.004 0.74 14.6 75400.0 4700.0
551 0.004 0.74 14.6 75400.0 4750.0
552 0.004 0.74 14.6 75400.0 4800.0
553 0.004 0.74 14.6 75400.0 4850.0
554 0.004 0.74 14.6 75400.0 4900.0
555 0.004 0.74 14.6 75400.0 4950.0
556 0.004 0.74 14.6 75400.0 5000.0
557 0.004 0.74 14.6 75400.0 5050.0
558 0.004 0.74 14.6 75400.0 5100.0
559 0.004 0.74 14.6 75400.0 5150.0
560 0.004 0.74 14.6 75400.0 5200.0
561 0.004 0.74 14.6 75725.0 4400.0
562 0.004 0.74 14.6 75725.0 4450.0
563 0.004 0.74 14.6 75725.0 4500.0
564 0.004 0.74 14.6 75725.0 4550.0
565 0.004 0.74 14.6 75725.0 4600.0
566 0.004 0.74 14.6 75725.0 4650.0
567 0.004 0.74 14.6 75725.0 4700.0
568 0.004 0.74 14.6 75725.0 4750.0
569 0.004 0.74 14.6 75725.0 4800.0
570 0.004 0.74 14.6 75725.0 4850.0
571 0.004 0.74 14.6 75725.0 4900.0
572 0.004 0.74 14.6 75725.0 4950.0
573 0.004 0.74 14.6 75725.0 5000.0
574 0.004 0.74 14.6 75725.0 5050.0
575 0.004 0.74 14.6 75725.0 5100.0
576 0.004 0.74 14.6 75725.0 5150.0
577 0.004 0.74 14.6 75725.0 5200.0
578 0.004 0.74 14.6 76050.0 4400.0
579 0.004 0.74 14.6 76050.0 4450.0
580 0.004 0.74 14.6 76050.0 4500.0
581 0.004 0.74 14.6 76050.0 4550.0
582 0.004 0.74 14.6 76050.0 4600.0
583 0.004 0.74 14.6 76050.0 4650.0
584 0.004 0.74 14.6 76050.0 4700.0
585 0.004 0.74 14.6 76050.0 4750.0
586 0.004 0.74 14.6 76050.0 4800.0
587 0.004 0.74 14.6 76050.0 4850.0
588 0.004 0.74 14.6 76050.0 4900.0
589 0.004 0.74 14.6 76050.0 4950.0
590 0.004 0.74 14.6 76050.0 5000.0
591 0.004 0.74 14.6 76050.0 5050.0
592 0.004 0.74 14.6 76050.0 5100.0
593 0.004 0.74 14.6 76050.0 5150.0
594 0.004 0.74 14.6 76050.0 5200.0
595 0.004 0.74 14.6 76375.0 4400.0
596 0.004 0.74 14.6 76375.0 4450.0
597 0.004 0.74 14.6 76375.0 4500.0
598 0.004 0.74 14.6 76375.0 4550.0
599 0.004 0.74 14.6 76375.0 4600.0
600 0.004 0.74 14.6 76375.0 4650.0
601 0.004 0.74 14.6 76375.0 4700.0
602 0.004 0.74 14.6 76375.0 4750.0
603 0.004 0.74 14.6 76375.0 4800.0
604 0.004 0.74 14.6 76375.0 4850.0
605 0.004 0.74 14.6 76375.0 4900.0
606 0.004 0.74 14.6 76375.0 4950.0
607 0.004 0.74 14.6 76375.0 5000.0
608 0.004 0.74 14.6 76375.0 5050.0
609 0.004 0.74 14.6 76375.0 5100.0
610 0.004 0.74 14.6 76375.0 5150.0
611 0.004 0.74 14.6 76375.0 5200.0
612 0.004 0.74 14.7 76700.0 4400.0
613 0.004 0.74 14.7 76700.0 4450.0
614 0.004 0.74 14.7 76700.0 4500.0
615 0.004 0.74 14.7 76700.0 4550.0
616 0.004 0.74 14.7 76700.0 4600.0
617 0.004 0.74 14.7 76700.0 4650.0
618 0.004 0.74 14.7 76700.0 4700.0
619 0.004 0.74 14.7 76700.0 4750.0
620 0.004 0.74 14.7 76700.0 4800.0
621 0.004 0.74 14.7 76700.0 4850.0
622 0.004 0.74 14.7 76700.0 4900.0
623 0.004 0.74 14.7 76700.0 4950.0
624 0.004 0.74 14.7 76700.0 5000.0
625 0.004 0.74 14.7 76700.0 5050.0
626 0.004 0.74 14.7 76700.0 5100.0
627 0.004 0.74 14.7 76700.0 5150.0
628 0.004 0.74 14.7 76700.0 5200.0
629 0.004 0.74 14.7 77025.0 4400.0
630 0.004 0.74 14.7 77025.0 4450.0
631 0.004 0.74 14.7 77025.0 4500.0
632 0.004 0.74 14.7 77025.0 4550.0
633 0.004 0.74 14.7 77025.0 4600.0
634 0.004 0.74 14.7 77025.0 4650.0
635 0.004 0.74 14.7 77025.0 4700.0
636 0.004 0.74 14.7 77025.0 4750.0
637 0.004 0.74 14.7 77025.0 4800.0
638 0.004 0.74 14.7 77025.0 4850.0
639 0.004 0.74 14.7 77025.0 4900.0
640 0.004 0.74 14.7 77025.0 4950.0
641 0.004 0.74 14.7 77025.0 5000.0
642 0.004 0.74 14.7 77025.0 5050.0
643 0.004 0.74 14.7 77025.0 5100.0
644 0.004 0.74 14.7 77025.0 5150.0
645 0.004 0.74 14.7 77025.0 5200.0
646 0.004 0.74 14.7 77350.0 4400.0
647 0.004 0.74 14.7 77350.0 4450.0
648 0.004 0.74 14.7 77350.0 4500.0
649 0.004 0.74 14.7 77350.0 4550.0
650 0.004 0.74 14.7 77350.0 4600.0
651 0.004 0.74 14.7 77350.0 4650.0
652 0.004 0.74 14.7 77350.0 4700.0
653 0.004 0.74 14.7 77350.0 4750.0
654 0.004 0.74 14.7 77350.0 4800.0
655 0.004 0.74 14.7 77350.0 4850.0
656 0.004 0.74 14.7 77350.0 4900.0
657 0.004 0.74 14.7 77350.0 4950.0
658 0.004 0.74 14.7 77350.0 5000.0
659 0.004 0.74 14.7 77350.0 5050.0
660 0.004 0.74 14.7 77350.0 5100.0
661 0.004 0.74 14.7 77350.0 5150.0
662 0.004 0.74 14.7 77350.0 5200.0
663 0.004 0.74 14.7 77675.0 4400.0
664 0.004 0.74 14.7 77675.0 4450.0
665 0.004 0.74 14.7 77675.0 4500.0
666 0.004 0.74 14.7 77675.0 4550.0
667 0.004 0.74 14.7 77675.0 4600.0
668 0.004 0.74 14.7 77675.0 4650.0
669 0.004 0.74 14.7 77675.0 4700.0
670 0.004 0.74 14.7 77675.0 4750.0
671 0.004 0.74 14.7 77675.0 4800.0
672 0.004 0.74 14.7 77675.0 4850.0
673 0.004 0.74 14.7 77675.0 4900.0
674 0.004 0.74 14.7 77675.0 4950.0
675 0.004 0.74 14.7 77675.0 5000.0
676 0.004 0.74 14.7 77675.0 5050.0
677 0.004 0.74 14.7 77675.0 5100.0
678 0.004 0.74 14.7 77675.0 5150.0
679 0.004 0.74 14.7 77675.0 5200.0
680 0.004 0.74 14.8 78000.0 4400.0
681 0.004 0.74 14.8 78000.0 4450.0
682 0.004 0.74 14.8 78000.0 4500.0
683 0.004 0.74 14.8 78000.0 4550.0
684 0.004 0.74 14.8 78000.0 4600.0
685 0.004 0.74 14.8 78000.0 4650.0
686 0.004 0.74 14.8 78000.0 4700.0
687 0.004 0.74 14.8 78000.0 4750.0
688 0.004 0.74 14.8 78000.0 4800.0
689 0.004 0.74 14.8 78000.0 4850.0
690 0.004 0.74 14.8 78000.0 4900.0
691 0.004 0.74 14.8 78000.0 4950.0
692 0.004 0.74 14.8 78000.0 5000.0
693 0.004 0.74 14.8 78000.0 5050.0
694 0.004 0.74 14.8 78000.0 5100.0
695 0.004 0.74 14.8 78000.0 5150.0
696 0.004 0.74 14.8 78000.0 5200.0
